0,0,0,0,0,0,0,0,0,0,0,0,0,0,0,0,0,0,0,0,0,0,0,0,0,0,0,0,0,0,0,0,0,0,0,0,0,0,0,0,0,0,0,0,0,0,0,0,0,0,0,0,0,0,0,0,0,0,0,0,0,0,0,0,0,0,0,0,0,0,0,0,0,0,0,0,0,0,0,0,0,0,0,0,0,0,0,0,0,0,0,0,0,0,0,0,0,0,0,0,0,0,0,0,0,0,0,0,0,0,0,0,0,0,0,0,0,0,0,0,0,0,0,0,0,0,0,0,0,0,0,0,0,0,0,0,0,0,0,0,0,0,0,0,0,0,0,0,0,0,0
0,4.42892e-09,8.85784e-09,1.32868e-08,1.77156e-08,2.21445e-08,2.65732e-08,3.10019e-08,3.54303e-08,3.98585e-08,4.42864e-08,4.87141e-08,5.31413e-08,5.75681e-08,6.19946e-08,6.64207e-08,7.08465e-08,7.52721e-08,7.96976e-08,8.41232e-08,8.85491e-08,9.29756e-08,9.74031e-08,1.01832e-07,1.06263e-07,1.10696e-07,1.15133e-07,1.19574e-07,1.24019e-07,1.28471e-07,1.3293e-07,1.37397e-07,1.41873e-07,1.46361e-07,1.50862e-07,1.55377e-07,1.59909e-07,1.64459e-07,1.6903e-07,1.73624e-07,1.78244e-07,1.82892e-07,1.87571e-07,1.92284e-07,1.97034e-07,2.01824e-07,2.06657e-07,2.11538e-07,2.16468e-07,2.21453e-07,2.26496e-07,2.316e-07,2.3677e-07,2.4201e-07,2.47323e-07,2.52714e-07,2.58186e-07,2.63745e-07,2.69393e-07,2.75134e-07,2.80973e-07,2.86914e-07,2.9296e-07,2.99114e-07,3.0538e-07,3.11761e-07,3.18259e-07,3.24879e-07,3.31621e-07,3.38487e-07,3.4548e-07,3.526e-07,3.59848e-07,3.67224e-07,3.74728e-07,3.82359e-07,3.90115e-07,3.97994e-07,4.05993e-07,4.14108e-07,4.22334e-07,4.30667e-07,4.391e-07,4.47626e-07,4.56236e-07,4.64921e-07,4.7367e-07,4.82473e-07,4.91315e-07,5.00184e-07,5.09063e-07,5.17935e-07,5.26784e-07,5.35588e-07,5.44327e-07,5.52977e-07,5.61515e-07,5.69914e-07,5.78146e-07,5.86181e-07,5.93989e-07,6.01535e-07,6.08784e-07,6.157e-07,6.22242e-07,6.28369e-07,6.34039e-07,6.39206e-07,6.43823e-07,6.4784e-07,6.51205e-07,6.53867e-07,6.55768e-07,6.56854e-07,6.57064e-07,6.56339e-07,6.54616e-07,6.51834e-07,6.47929e-07,6.42836e-07,6.3649e-07,6.28828e-07,6.19786e-07,6.09301e-07,5.97314e-07,5.83766e-07,5.68605e-07,5.51781e-07,5.33253e-07,5.12987e-07,4.90958e-07,4.67154e-07,4.41577e-07,4.14247e-07,3.85206e-07,3.5452e-07,3.22288e-07,2.88646e-07,2.53778e-07,2.17922e-07,1.81388e-07,1.44576e-07,1.08e-07,7.23253e-08,3.84243e-08,7.46507e-09,1.89349e-08,3.84186e-08,4.72738e-08,3.89539e-08,0
0,8.85784e-09,1.77157e-08,2.65735e-08,3.54314e-08,4.42891e-08,5.31468e-08,6.20042e-08,7.08614e-08,7.97181e-08,8.85745e-08,9.74303e-08,1.06286e-07,1.1514e-07,1.23994e-07,1.32848e-07,1.41702e-07,1.50555e-07,1.59408e-07,1.68262e-07,1.77118e-07,1.85975e-07,1.94834e-07,2.03698e-07,2.12565e-07,2.21439e-07,2.3032e-07,2.3921e-07,2.48111e-07,2.57024e-07,2.65954e-07,2.749e-07,2.83868e-07,2.9286e-07,3.01878e-07,3.10928e-07,3.20012e-07,3.29135e-07,3.38301e-07,3.47516e-07,3.56784e-07,3.66111e-07,3.75502e-07,3.84964e-07,3.94502e-07,4.04123e-07,4.13835e-07,4.23643e-07,4.33555e-07,4.43579e-07,4.53722e-07,4.63992e-07,4.74397e-07,4.84945e-07,4.95645e-07,5.06505e-07,5.17532e-07,5.28736e-07,5.40124e-07,5.51705e-07,5.63486e-07,5.75476e-07,5.87681e-07,6.0011e-07,6.12768e-07,6.25663e-07,6.388e-07,6.52185e-07,6.65822e-07,6.79717e-07,6.93871e-07,7.08288e-07,7.22968e-07,7.37914e-07,7.53124e-07,7.68596e-07,7.84328e-07,8.00315e-07,8.16552e-07,8.33031e-07,8.49744e-07,8.6668e-07,8.83827e-07,9.01171e-07,9.18694e-07,9.3638e-07,9.54206e-07,9.72151e-07,9.90189e-07,1.00829e-06,1.02643e-06,1.04457e-06,1.06267e-06,1.0807e-06,1.09861e-06,1.11636e-06,1.13391e-06,1.15119e-06,1.16815e-06,1.18473e-06,1.20088e-06,1.21652e-06,1.23158e-06,1.246e-06,1.25968e-06,1.27256e-06,1.28454e-06,1.29553e-06,1.30544e-06,1.31417e-06,1.32161e-06,1.32767e-06,1.33223e-06,1.33518e-06,1.3364e-06,1.33577e-06,1.33316e-06,1.32846e-06,1.32153e-06,1.31225e-06,1.30048e-06,1.2861e-06,1.26899e-06,1.249e-06,1.22603e-06,1.19997e-06,1.17069e-06,1.1381e-06,1.10213e-06,1.06269e-06,1.01974e-06,9.73245e-07,9.23216e-07,8.69687e-07,8.12735e-07,7.52491e-07,6.89143e-07,6.22959e-07,5.54291e-07,4.83606e-07,4.11506e-07,3.38764e-07,2.66372e-07,1.95607e-07,1.28123e-07,6.61056e-08,1.24981e-08,2.85996e-08,5.12427e-08,4.64147e-08,0
0,1.32868e-08,2.65735e-08,3.98604e-08,5.31472e-08,6.6434e-08,7.97207e-08,9.30071e-08,1.06293e-07,1.19579e-07,1.32864e-07,1.46149e-07,1.59433e-07,1.72717e-07,1.86e-07,1.99282e-07,2.12565e-07,2.25848e-07,2.39132e-07,2.52417e-07,2.65705e-07,2.78996e-07,2.92292e-07,3.05594e-07,3.18904e-07,3.32224e-07,3.45556e-07,3.58902e-07,3.72267e-07,3.85652e-07,3.99062e-07,4.12501e-07,4.25972e-07,4.39481e-07,4.53033e-07,4.66633e-07,4.80288e-07,4.94004e-07,5.07788e-07,5.21647e-07,5.3559e-07,5.49623e-07,5.63757e-07,5.78e-07,5.92362e-07,6.06852e-07,6.21481e-07,6.36261e-07,6.51201e-07,6.66313e-07,6.8161e-07,6.97103e-07,7.12805e-07,7.28727e-07,7.44882e-07,7.61284e-07,7.77944e-07,7.94876e-07,8.12093e-07,8.29605e-07,8.47427e-07,8.6557e-07,8.84045e-07,9.02864e-07,9.22038e-07,9.41576e-07,9.61488e-07,9.81782e-07,1.00247e-06,1.02355e-06,1.04503e-06,1.06692e-06,1.08921e-06,1.11192e-06,1.13504e-06,1.15856e-06,1.18249e-06,1.20682e-06,1.23153e-06,1.25663e-06,1.28209e-06,1.3079e-06,1.33405e-06,1.36051e-06,1.38726e-06,1.41427e-06,1.44151e-06,1.46895e-06,1.49654e-06,1.52426e-06,1.55205e-06,1.57986e-06,1.60764e-06,1.63533e-06,1.66288e-06,1.6902e-06,1.71723e-06,1.7439e-06,1.77011e-06,1.79579e-06,1.82083e-06,1.84515e-06,1.86862e-06,1.89115e-06,1.91261e-06,1.93289e-06,1.95186e-06,1.96937e-06,1.98529e-06,1.99947e-06,2.01176e-06,2.022e-06,2.03002e-06,2.03566e-06,2.03874e-06,2.03907e-06,2.03647e-06,2.03076e-06,2.02175e-06,2.00923e-06,1.99303e-06,1.97293e-06,1.94875e-06,1.92031e-06,1.88741e-06,1.84988e-06,1.80757e-06,1.76031e-06,1.70798e-06,1.65047e-06,1.5877e-06,1.51962e-06,1.44623e-06,1.36758e-06,1.28376e-06,1.19497e-06,1.10148e-06,1.00365e-06,9.02005e-07,7.97201e-07,6.90102e-07,5.81808e-07,4.73722e-07,3.67636e-07,2.65845e-07,1.71311e-07,8.79144e-08,2.08064e-08,2.30614e-08,3.42294e-08,0
0,1.77156e-08,3.54314e-08,5.31472e-08,7.08631e-08,8.8579e-08,1.06295e-07,1.24011e-07,1.41726e-07,1.59441e-07,1.77156e-07,1.9487e-07,2.12584e-07,2.30297e-07,2.4801e-07,2.65723e-07,2.83436e-07,3.01151e-07,3.18867e-07,3.36586e-07,3.54309e-07,3.72037e-07,3.89773e-07,4.07518e-07,4.25275e-07,4.43046e-07,4.60834e-07,4.78644e-07,4.9648e-07,5.14345e-07,5.32245e-07,5.50185e-07,5.68171e-07,5.8621e-07,6.04308e-07,6.22474e-07,6.40716e-07,6.59043e-07,6.77463e-07,6.95988e-07,7.14627e-07,7.33392e-07,7.52295e-07,7.71349e-07,7.90565e-07,8.09959e-07,8.29543e-07,8.49333e-07,8.69344e-07,8.89591e-07,9.10091e-07,9.30859e-07,9.51913e-07,9.73269e-07,9.94944e-07,1.01696e-06,1.03932e-06,1.06206e-06,1.08519e-06,1.10872e-06,1.13268e-06,1.15707e-06,1.18192e-06,1.20725e-06,1.23305e-06,1.25936e-06,1.28618e-06,1.31352e-06,1.3414e-06,1.36982e-06,1.39879e-06,1.42832e-06,1.45842e-06,1.48908e-06,1.5203e-06,1.55209e-06,1.58443e-06,1.61733e-06,1.65077e-06,1.68473e-06,1.71921e-06,1.75418e-06,1.78962e-06,1.8255e-06,1.86178e-06,1.89845e-06,1.93545e-06,1.97273e-06,2.01026e-06,2.04798e-06,2.08582e-06,2.12373e-06,2.16162e-06,2.19944e-06,2.23708e-06,2.27446e-06,2.3115e-06,2.34807e-06,2.38409e-06,2.41942e-06,2.45394e-06,2.48753e-06,2.52004e-06,2.55133e-06,2.58124e-06,2.60961e-06,2.63627e-06,2.66104e-06,2.68373e-06,2.70414e-06,2.72207e-06,2.73732e-06,2.74965e-06,2.75885e-06,2.76467e-06,2.76688e-06,2.76524e-06,2.75948e-06,2.74936e-06,2.73462e-06,2.71499e-06,2.69022e-06,2.66004e-06,2.6242e-06,2.58246e-06,2.53458e-06,2.48033e-06,2.41951e-06,2.35194e-06,2.27747e-06,2.19597e-06,2.10738e-06,2.01167e-06,1.9089e-06,1.79919e-06,1.68275e-06,1.55992e-06,1.43116e-06,1.29711e-06,1.1586e-06,1.0167e-06,8.72774e-07,7.28556e-07,5.86235e-07,4.48578e-07,3.19086e-07,2.02211e-07,1.03635e-07,3.06053e-08,7.7044e-09,0
0,2.21445e-08,4.42891e-08,6.6434e-08,8.8579e-08,1.10724e-07,1.3287e-07,1.55015e-07,1.7716e-07,1.99305e-07,2.21449e-07,2.43594e-07,2.65738e-07,2.87881e-07,3.10025e-07,3.3217e-07,3.54315e-07,3.76463e-07,3.98613e-07,4.20767e-07,4.42928e-07,4.65096e-07,4.87274e-07,5.09466e-07,5.31673e-07,5.53899e-07,5.7615e-07,5.98428e-07,6.20741e-07,6.43092e-07,6.65489e-07,6.87939e-07,7.10449e-07,7.33028e-07,7.55685e-07,7.78429e-07,8.01272e-07,8.24224e-07,8.47297e-07,8.70505e-07,8.93861e-07,9.17379e-07,9.41075e-07,9.64964e-07,9.89064e-07,1.01339e-06,1.03796e-06,1.0628e-06,1.08792e-06,1.11334e-06,1.13909e-06,1.16518e-06,1.19164e-06,1.21848e-06,1.24574e-06,1.27342e-06,1.30156e-06,1.33018e-06,1.3593e-06,1.38893e-06,1.41911e-06,1.44985e-06,1.48118e-06,1.51311e-06,1.54566e-06,1.57886e-06,1.61271e-06,1.64724e-06,1.68245e-06,1.71836e-06,1.75499e-06,1.79233e-06,1.8304e-06,1.8692e-06,1.90873e-06,1.94899e-06,1.98997e-06,2.03167e-06,2.07407e-06,2.11716e-06,2.16091e-06,2.20532e-06,2.25034e-06,2.29594e-06,2.34209e-06,2.38874e-06,2.43584e-06,2.48335e-06,2.53119e-06,2.5793e-06,2.62762e-06,2.67604e-06,2.7245e-06,2.7729e-06,2.82113e-06,2.86908e-06,2.91663e-06,2.96366e-06,3.01004e-06,3.05561e-06,3.10022e-06,3.14371e-06,3.18591e-06,3.22663e-06,3.26568e-06,3.30286e-06,3.33795e-06,3.37074e-06,3.40098e-06,3.42843e-06,3.45285e-06,3.47396e-06,3.49148e-06,3.50515e-06,3.51465e-06,3.5197e-06,3.51999e-06,3.51519e-06,3.50498e-06,3.48905e-06,3.46706e-06,3.43869e-06,3.4036e-06,3.36148e-06,3.31201e-06,3.2549e-06,3.18984e-06,3.11658e-06,3.03489e-06,2.94454e-06,2.8454e-06,2.73734e-06,2.62032e-06,2.49438e-06,2.35964e-06,2.21634e-06,2.06485e-06,1.90569e-06,1.7396e-06,1.56752e-06,1.39069e-06,1.21065e-06,1.0294e-06,8.4939e-07,6.73701e-07,5.06161e-07,3.51517e-07,2.15637e-07,1.05716e-07,3.04383e-08,0
0,2.65732e-08,5.31468e-08,7.97207e-08,1.06295e-07,1.3287e-07,1.59444e-07,1.86019e-07,2.12595e-07,2.3917e-07,2.65745e-07,2.92319e-07,3.18894e-07,3.45469e-07,3.72045e-07,3.98622e-07,4.252e-07,4.51782e-07,4.78368e-07,5.0496e-07,5.31559e-07,5.58169e-07,5.84793e-07,6.11433e-07,6.38093e-07,6.64779e-07,6.91495e-07,7.18246e-07,7.4504e-07,7.71883e-07,7.98783e-07,8.25749e-07,8.52791e-07,8.79918e-07,9.07142e-07,9.34474e-07,9.61929e-07,9.89519e-07,1.01726e-06,1.04517e-06,1.07325e-06,1.10154e-06,1.13005e-06,1.1588e-06,1.1878e-06,1.21709e-06,1.24668e-06,1.27659e-06,1.30685e-06,1.33749e-06,1.36852e-06,1.39998e-06,1.43188e-06,1.46427e-06,1.49716e-06,1.53057e-06,1.56455e-06,1.59911e-06,1.63429e-06,1.67011e-06,1.70659e-06,1.74377e-06,1.78166e-06,1.8203e-06,1.85971e-06,1.89991e-06,1.94092e-06,1.98276e-06,2.02544e-06,2.069e-06,2.11343e-06,2.15875e-06,2.20497e-06,2.25209e-06,2.30012e-06,2.34905e-06,2.39889e-06,2.44961e-06,2.50121e-06,2.55368e-06,2.60698e-06,2.6611e-06,2.71599e-06,2.77163e-06,2.82796e-06,2.88493e-06,2.9425e-06,3.00059e-06,3.05913e-06,3.11804e-06,3.17724e-06,3.23663e-06,3.29611e-06,3.35557e-06,3.41487e-06,3.4739e-06,3.53252e-06,3.59056e-06,3.64787e-06,3.70428e-06,3.7596e-06,3.81364e-06,3.86619e-06,3.91703e-06,3.96594e-06,4.01267e-06,4.05696e-06,4.09856e-06,4.13717e-06,4.1725e-06,4.20426e-06,4.23213e-06,4.25576e-06,4.27483e-06,4.28899e-06,4.29786e-06,4.30108e-06,4.29827e-06,4.28904e-06,4.27299e-06,4.24974e-06,4.21887e-06,4.18e-06,4.13273e-06,4.07668e-06,4.01146e-06,3.93674e-06,3.85217e-06,3.75746e-06,3.65234e-06,3.5366e-06,3.41009e-06,3.27272e-06,3.12449e-06,2.96552e-06,2.79604e-06,2.61642e-06,2.42724e-06,2.22927e-06,2.02353e-06,1.81135e-06,1.59443e-06,1.37487e-06,1.15531e-06,9.39013e-07,7.29944e-07,5.32954e-07,3.5389e-07,1.99728e-07,7.86473e-08,0
0,3.10019e-08,6.20042e-08,9.30071e-08,1.24011e-07,1.55015e-07,1.86019e-07,2.17025e-07,2.4803e-07,2.79036e-07,3.10041e-07,3.41047e-07,3.72054e-07,4.0306e-07,4.34069e-07,4.65078e-07,4.96091e-07,5.27108e-07,5.5813e-07,5.8916e-07,6.20201e-07,6.51254e-07,6.82324e-07,7.13415e-07,7.44531e-07,7.75678e-07,8.06861e-07,8.38089e-07,8.69367e-07,9.00706e-07,9.32114e-07,9.63601e-07,9.95179e-07,1.02686e-06,1.05866e-06,1.09059e-06,1.12266e-06,1.1549e-06,1.18732e-06,1.21993e-06,1.25277e-06,1.28584e-06,1.31918e-06,1.3528e-06,1.38673e-06,1.421e-06,1.45563e-06,1.49064e-06,1.52608e-06,1.56195e-06,1.59831e-06,1.63517e-06,1.67256e-06,1.71053e-06,1.7491e-06,1.7883e-06,1.82817e-06,1.86874e-06,1.91004e-06,1.95211e-06,1.99497e-06,2.03867e-06,2.08322e-06,2.12866e-06,2.17503e-06,2.22233e-06,2.27061e-06,2.31989e-06,2.37018e-06,2.42152e-06,2.4739e-06,2.52736e-06,2.5819e-06,2.63752e-06,2.69424e-06,2.75205e-06,2.81095e-06,2.87092e-06,2.93197e-06,2.99406e-06,3.05717e-06,3.12128e-06,3.18634e-06,3.25231e-06,3.31914e-06,3.38678e-06,3.45516e-06,3.5242e-06,3.59383e-06,3.66395e-06,3.73446e-06,3.80526e-06,3.87622e-06,3.94722e-06,4.01811e-06,4.08874e-06,4.15896e-06,4.22858e-06,4.29742e-06,4.36528e-06,4.43195e-06,4.49719e-06,4.56078e-06,4.62246e-06,4.68195e-06,4.73899e-06,4.79327e-06,4.84448e-06,4.8923e-06,4.93638e-06,4.97637e-06,5.0119e-06,5.04259e-06,5.06804e-06,5.08783e-06,5.10154e-06,5.10874e-06,5.10898e-06,5.1018e-06,5.08674e-06,5.06334e-06,5.03112e-06,4.9896e-06,4.93833e-06,4.87684e-06,4.80469e-06,4.72144e-06,4.6267e-06,4.52009e-06,4.40127e-06,4.26998e-06,4.126e-06,3.96918e-06,3.7995e-06,3.61701e-06,3.42193e-06,3.21463e-06,2.99565e-06,2.76579e-06,2.5261e-06,2.27795e-06,2.02309e-06,1.76369e-06,1.50246e-06,1.24269e-06,9.88403e-07,7.44388e-07,5.16352e-07,3.10979e-07,1.35967e-07,0
0,3.54303e-08,7.08614e-08,1.06293e-07,1.41726e-07,1.7716e-07,2.12595e-07,2.4803e-07,2.83466e-07,3.18902e-07,3.54339e-07,3.89777e-07,4.25215e-07,4.60654e-07,4.96095e-07,5.31539e-07,5.66986e-07,6.02439e-07,6.37898e-07,6.73368e-07,7.08849e-07,7.44347e-07,7.79864e-07,8.15407e-07,8.5098e-07,8.86589e-07,9.22242e-07,9.57947e-07,9.93712e-07,1.02955e-06,1.06547e-06,1.10148e-06,1.1376e-06,1.17384e-06,1.21021e-06,1.24674e-06,1.28344e-06,1.32033e-06,1.35743e-06,1.39477e-06,1.43236e-06,1.47023e-06,1.50841e-06,1.54692e-06,1.58579e-06,1.62506e-06,1.66474e-06,1.70488e-06,1.74551e-06,1.78666e-06,1.82836e-06,1.87065e-06,1.91357e-06,1.95716e-06,2.00145e-06,2.04648e-06,2.09229e-06,2.13892e-06,2.18641e-06,2.23479e-06,2.28411e-06,2.33439e-06,2.38568e-06,2.43802e-06,2.49143e-06,2.54595e-06,2.60161e-06,2.65844e-06,2.71646e-06,2.77571e-06,2.83619e-06,2.89794e-06,2.96096e-06,3.02526e-06,3.09085e-06,3.15773e-06,3.2259e-06,3.29535e-06,3.36606e-06,3.43802e-06,3.51121e-06,3.58557e-06,3.66109e-06,3.7377e-06,3.81536e-06,3.894e-06,3.97354e-06,4.05391e-06,4.13501e-06,4.21674e-06,4.299e-06,4.38164e-06,4.46455e-06,4.54758e-06,4.63056e-06,4.71333e-06,4.7957e-06,4.87748e-06,4.95844e-06,5.03838e-06,5.11703e-06,5.19416e-06,5.26948e-06,5.34271e-06,5.41354e-06,5.48166e-06,5.54673e-06,5.60838e-06,5.66626e-06,5.71996e-06,5.7691e-06,5.81323e-06,5.85193e-06,5.88474e-06,5.91118e-06,5.93077e-06,5.94301e-06,5.94738e-06,5.94335e-06,5.93041e-06,5.90799e-06,5.87556e-06,5.83256e-06,5.77846e-06,5.71271e-06,5.63478e-06,5.54416e-06,5.44037e-06,5.32296e-06,5.19152e-06,5.04569e-06,4.88519e-06,4.70981e-06,4.51944e-06,4.31409e-06,4.09392e-06,3.85925e-06,3.61059e-06,3.34871e-06,3.07463e-06,2.78971e-06,2.49568e-06,2.19471e-06,1.88948e-06,1.58325e-06,1.27994e-06,9.84218e-07,7.01567e-07,4.38337e-07,2.01773e-07,0
0,3.98585e-08,7.97181e-08,1.19579e-07,1.59441e-07,1.99305e-07,2.3917e-07,2.79036e-07,3.18902e-07,3.5877e-07,3.98639e-07,4.38508e-07,4.78379e-07,5.18251e-07,5.58125e-07,5.98003e-07,6.37885e-07,6.77774e-07,7.17671e-07,7.57579e-07,7.97503e-07,8.37445e-07,8.7741e-07,9.17404e-07,9.57434e-07,9.97506e-07,1.03763e-06,1.07781e-06,1.11806e-06,1.1584e-06,1.19883e-06,1.23936e-06,1.28002e-06,1.32082e-06,1.36178e-06,1.40291e-06,1.44424e-06,1.48579e-06,1.52758e-06,1.56964e-06,1.61199e-06,1.65466e-06,1.69769e-06,1.7411e-06,1.78492e-06,1.8292e-06,1.87396e-06,1.91924e-06,1.96507e-06,2.01151e-06,2.05858e-06,2.10634e-06,2.15481e-06,2.20405e-06,2.2541e-06,2.305e-06,2.35679e-06,2.40953e-06,2.46325e-06,2.518e-06,2.57383e-06,2.63077e-06,2.68888e-06,2.74818e-06,2.80873e-06,2.87055e-06,2.9337e-06,2.99819e-06,3.06406e-06,3.13134e-06,3.20006e-06,3.27024e-06,3.34189e-06,3.41503e-06,3.48967e-06,3.56581e-06,3.64346e-06,3.72259e-06,3.8032e-06,3.88528e-06,3.96878e-06,4.05368e-06,4.13994e-06,4.22749e-06,4.31629e-06,4.40626e-06,4.49732e-06,4.58938e-06,4.68234e-06,4.7761e-06,4.87051e-06,4.96546e-06,5.06078e-06,5.15633e-06,5.25191e-06,5.34734e-06,5.44243e-06,5.53693e-06,5.63063e-06,5.72326e-06,5.81456e-06,5.90424e-06,5.992e-06,6.07751e-06,6.16044e-06,6.24042e-06,6.31708e-06,6.39002e-06,6.45882e-06,6.52304e-06,6.58224e-06,6.63593e-06,6.68361e-06,6.72478e-06,6.75889e-06,6.78541e-06,6.80376e-06,6.81336e-06,6.81361e-06,6.80391e-06,6.78363e-06,6.75216e-06,6.70885e-06,6.65309e-06,6.58424e-06,6.5017e-06,6.40487e-06,6.29316e-06,6.16605e-06,6.02304e-06,5.86367e-06,5.68758e-06,5.49446e-06,5.28414e-06,5.05653e-06,4.8117e-06,4.54991e-06,4.27159e-06,3.97744e-06,3.66842e-06,3.3458e-06,3.01125e-06,2.66685e-06,2.31519e-06,1.95941e-06,1.60327e-06,1.25122e-06,9.08465e-07,5.81e-07,2.75637e-07,0
0,4.42864e-08,8.85745e-08,1.32864e-07,1.77156e-07,2.21449e-07,2.65745e-07,3.10041e-07,3.54339e-07,3.98639e-07,4.42939e-07,4.87241e-07,5.31544e-07,5.75849e-07,6.20157e-07,6.64469e-07,7.08787e-07,7.53111e-07,7.97446e-07,8.41794e-07,8.86158e-07,9.30544e-07,9.74957e-07,1.0194e-06,1.06389e-06,1.10842e-06,1.15301e-06,1.19767e-06,1.24241e-06,1.28724e-06,1.33218e-06,1.37724e-06,1.42244e-06,1.4678e-06,1.51334e-06,1.55907e-06,1.60503e-06,1.65123e-06,1.69771e-06,1.7445e-06,1.79161e-06,1.83909e-06,1.88697e-06,1.93528e-06,1.98407e-06,2.03336e-06,2.0832e-06,2.13362e-06,2.18469e-06,2.23642e-06,2.28889e-06,2.34212e-06,2.39617e-06,2.45108e-06,2.50691e-06,2.56371e-06,2.62153e-06,2.68041e-06,2.74041e-06,2.80158e-06,2.86397e-06,2.92764e-06,2.99262e-06,3.05896e-06,3.12672e-06,3.19594e-06,3.26665e-06,3.33891e-06,3.41274e-06,3.48818e-06,3.56526e-06,3.644e-06,3.72444e-06,3.80658e-06,3.89043e-06,3.97601e-06,4.06332e-06,4.15235e-06,4.24308e-06,4.33549e-06,4.42957e-06,4.52526e-06,4.62254e-06,4.72133e-06,4.82157e-06,4.9232e-06,5.02612e-06,5.13024e-06,5.23545e-06,5.34162e-06,5.44863e-06,5.55631e-06,5.66452e-06,5.77306e-06,5.88176e-06,5.99039e-06,6.09873e-06,6.20655e-06,6.31358e-06,6.41954e-06,6.52413e-06,6.62705e-06,6.72795e-06,6.82648e-06,6.92226e-06,7.0149e-06,7.10397e-06,7.18903e-06,7.26963e-06,7.34527e-06,7.41546e-06,7.47965e-06,7.5373e-06,7.58784e-06,7.63067e-06,7.66517e-06,7.69072e-06,7.70665e-06,7.71231e-06,7.70699e-06,7.69001e-06,7.66066e-06,7.61822e-06,7.56198e-06,7.49122e-06,7.40524e-06,7.30333e-06,7.18484e-06,7.04912e-06,6.89556e-06,6.72364e-06,6.53285e-06,6.32281e-06,6.09322e-06,5.8439e-06,5.5748e-06,5.28608e-06,4.97806e-06,4.65132e-06,4.3067e-06,3.94538e-06,3.56887e-06,3.17912e-06,2.77855e-06,2.37011e-06,1.95734e-06,1.54442e-06,1.13623e-06,7.38377e-07,3.57252e-07,0
0,4.87141e-08,9.74303e-08,1.46149e-07,1.9487e-07,2.43594e-07,2.92319e-07,3.41047e-07,3.89777e-07,4.38508e-07,4.87241e-07,5.35975e-07,5.84711e-07,6.3345e-07,6.82192e-07,7.30938e-07,7.7969e-07,8.28451e-07,8.77223e-07,9.26009e-07,9.74814e-07,1.02364e-06,1.0725e-06,1.1214e-06,1.17034e-06,1.21933e-06,1.26839e-06,1.31752e-06,1.36675e-06,1.41607e-06,1.46552e-06,1.5151e-06,1.56483e-06,1.61475e-06,1.66486e-06,1.71519e-06,1.76578e-06,1.81664e-06,1.8678e-06,1.91931e-06,1.97119e-06,2.02347e-06,2.0762e-06,2.12942e-06,2.18316e-06,2.23747e-06,2.29239e-06,2.34797e-06,2.40426e-06,2.46131e-06,2.51917e-06,2.57789e-06,2.63753e-06,2.69814e-06,2.75978e-06,2.8225e-06,2.88636e-06,2.95142e-06,3.01773e-06,3.08536e-06,3.15437e-06,3.2248e-06,3.29671e-06,3.37016e-06,3.4452e-06,3.52188e-06,3.60025e-06,3.68036e-06,3.76224e-06,3.84595e-06,3.9315e-06,4.01894e-06,4.1083e-06,4.19958e-06,4.29282e-06,4.38801e-06,4.48517e-06,4.58428e-06,4.68534e-06,4.78832e-06,4.8932e-06,4.99995e-06,5.1085e-06,5.21882e-06,5.33082e-06,5.44442e-06,5.55955e-06,5.67608e-06,5.79391e-06,5.9129e-06,6.03291e-06,6.15377e-06,6.27531e-06,6.39734e-06,6.51964e-06,6.642e-06,6.76416e-06,6.88586e-06,7.00682e-06,7.12674e-06,7.24528e-06,7.36211e-06,7.47686e-06,7.58914e-06,7.69854e-06,7.80461e-06,7.90691e-06,8.00495e-06,8.09821e-06,8.18618e-06,8.26828e-06,8.34394e-06,8.41254e-06,8.47346e-06,8.52604e-06,8.5696e-06,8.60343e-06,8.62681e-06,8.63899e-06,8.63921e-06,8.62668e-06,8.60063e-06,8.56023e-06,8.50469e-06,8.43319e-06,8.34492e-06,8.23909e-06,8.11492e-06,7.97167e-06,7.8086e-06,7.62508e-06,7.42048e-06,7.1943e-06,6.9461e-06,6.67558e-06,6.38256e-06,6.06704e-06,5.72922e-06,5.36952e-06,4.98863e-06,4.58754e-06,4.16759e-06,3.73053e-06,3.27857e-06,2.81439e-06,2.34125e-06,1.86301e-06,1.38419e-06,9.10006e-07,4.46382e-07,0
0,5.31413e-08,1.06286e-07,1.59433e-07,2.12584e-07,2.65738e-07,3.18894e-07,3.72054e-07,4.25215e-07,4.78379e-07,5.31544e-07,5.84711e-07,6.37881e-07,6.91053e-07,7.44229e-07,7.97409e-07,8.50596e-07,9.03792e-07,9.57e-07,1.01022e-06,1.06347e-06,1.11674e-06,1.17004e-06,1.22338e-06,1.27678e-06,1.33023e-06,1.38375e-06,1.43735e-06,1.49105e-06,1.54487e-06,1.59882e-06,1.65291e-06,1.70718e-06,1.76164e-06,1.81633e-06,1.87125e-06,1.92646e-06,1.98196e-06,2.03781e-06,2.09403e-06,2.15067e-06,2.20775e-06,2.26532e-06,2.32344e-06,2.38213e-06,2.44145e-06,2.50146e-06,2.56219e-06,2.62371e-06,2.68607e-06,2.74933e-06,2.81355e-06,2.87878e-06,2.9451e-06,3.01255e-06,3.08121e-06,3.15113e-06,3.22239e-06,3.29505e-06,3.36917e-06,3.44482e-06,3.52206e-06,3.60095e-06,3.68155e-06,3.76393e-06,3.84814e-06,3.93424e-06,4.02228e-06,4.11231e-06,4.20438e-06,4.29852e-06,4.39477e-06,4.49317e-06,4.59374e-06,4.6965e-06,4.80146e-06,4.90864e-06,5.01802e-06,5.12961e-06,5.24337e-06,5.35929e-06,5.47733e-06,5.59743e-06,5.71954e-06,5.84358e-06,5.96948e-06,6.09713e-06,6.22643e-06,6.35724e-06,6.48944e-06,6.62286e-06,6.75733e-06,6.89266e-06,7.02864e-06,7.16506e-06,7.30166e-06,7.43818e-06,7.57434e-06,7.70982e-06,7.84431e-06,7.97745e-06,8.10887e-06,8.23816e-06,8.36492e-06,8.48868e-06,8.60898e-06,8.72532e-06,8.83716e-06,8.94397e-06,9.04515e-06,9.14009e-06,9.22817e-06,9.30871e-06,9.38102e-06,9.44439e-06,9.49805e-06,9.54125e-06,9.57318e-06,9.59301e-06,9.5999e-06,9.593e-06,9.5714e-06,9.53422e-06,9.48055e-06,9.40947e-06,9.32008e-06,9.21146e-06,9.08272e-06,8.93299e-06,8.76143e-06,8.56725e-06,8.3497e-06,8.10814e-06,7.84197e-06,7.55074e-06,7.23411e-06,6.89192e-06,6.52418e-06,6.13112e-06,5.71324e-06,5.2713e-06,4.80643e-06,4.32012e-06,3.81428e-06,3.29132e-06,2.75416e-06,2.20628e-06,1.65181e-06,1.0955e-06,5.42834e-07,0
0,5.75681e-08,1.1514e-07,1.72717e-07,2.30297e-07,2.87881e-07,3.45469e-07,4.0306e-07,4.60654e-07,5.18251e-07,5.75849e-07,6.3345e-07,6.91053e-07,7.48659e-07,8.06268e-07,8.63882e-07,9.21503e-07,9.79134e-07,1.03678e-06,1.09444e-06,1.15212e-06,1.20983e-06,1.26757e-06,1.32536e-06,1.3832e-06,1.4411e-06,1.49908e-06,1.55715e-06,1.61533e-06,1.67363e-06,1.73207e-06,1.79067e-06,1.84947e-06,1.90847e-06,1.96771e-06,2.02722e-06,2.08704e-06,2.14718e-06,2.2077e-06,2.26863e-06,2.33e-06,2.39188e-06,2.45429e-06,2.51728e-06,2.58092e-06,2.64525e-06,2.71033e-06,2.77621e-06,2.84295e-06,2.91062e-06,2.97927e-06,3.04898e-06,3.11981e-06,3.19183e-06,3.2651e-06,3.3397e-06,3.4157e-06,3.49318e-06,3.57219e-06,3.65282e-06,3.73514e-06,3.81921e-06,3.90512e-06,3.99292e-06,4.08269e-06,4.17448e-06,4.26837e-06,4.36441e-06,4.46266e-06,4.56317e-06,4.66599e-06,4.77116e-06,4.87872e-06,4.9887e-06,5.10112e-06,5.216e-06,5.33336e-06,5.45319e-06,5.57549e-06,5.70024e-06,5.82741e-06,5.95697e-06,6.08886e-06,6.22303e-06,6.35941e-06,6.49789e-06,6.63839e-06,6.78078e-06,6.92494e-06,7.07072e-06,7.21794e-06,7.36644e-06,7.516e-06,7.6664e-06,7.81741e-06,7.96876e-06,8.12018e-06,8.27134e-06,8.42194e-06,8.57161e-06,8.71998e-06,8.86664e-06,9.01118e-06,9.15312e-06,9.292e-06,9.4273e-06,9.55847e-06,9.68496e-06,9.80616e-06,9.92145e-06,1.00302e-05,1.01316e-05,1.0225e-05,1.03097e-05,1.03849e-05,1.04497e-05,1.05034e-05,1.05449e-05,1.05735e-05,1.05882e-05,1.05881e-05,1.05721e-05,1.05393e-05,1.04887e-05,1.04192e-05,1.03298e-05,1.02195e-05,1.00873e-05,9.93214e-06,9.75308e-06,9.54917e-06,9.31952e-06,9.06331e-06,8.7798e-06,8.46833e-06,8.1284e-06,7.75964e-06,7.36184e-06,6.93502e-06,6.47943e-06,5.99558e-06,5.48432e-06,4.94683e-06,4.38472e-06,3.80003e-06,3.19528e-06,2.57357e-06,1.93855e-06,1.29452e-06,6.4644e-07,0
0,6.19946e-08,1.23994e-07,1.86e-07,2.4801e-07,3.10025e-07,3.72045e-07,4.34069e-07,4.96095e-07,5.58125e-07,6.20157e-07,6.82192e-07,7.44229e-07,8.06268e-07,8.68311e-07,9.30358e-07,9.92413e-07,1.05448e-06,1.11655e-06,1.17865e-06,1.24076e-06,1.30291e-06,1.36509e-06,1.42732e-06,1.4896e-06,1.55195e-06,1.61439e-06,1.67692e-06,1.73956e-06,1.80233e-06,1.86526e-06,1.92836e-06,1.99167e-06,2.0552e-06,2.119e-06,2.18308e-06,2.24749e-06,2.31226e-06,2.37743e-06,2.44305e-06,2.50916e-06,2.5758e-06,2.64303e-06,2.7109e-06,2.77947e-06,2.84879e-06,2.91892e-06,2.98993e-06,3.06188e-06,3.13484e-06,3.20888e-06,3.28407e-06,3.36049e-06,3.4382e-06,3.51729e-06,3.59783e-06,3.67991e-06,3.7636e-06,3.84898e-06,3.93613e-06,4.02513e-06,4.11606e-06,4.20901e-06,4.30403e-06,4.40122e-06,4.50065e-06,4.60237e-06,4.70647e-06,4.81301e-06,4.92204e-06,5.03361e-06,5.14779e-06,5.26461e-06,5.38411e-06,5.50631e-06,5.63125e-06,5.75894e-06,5.88937e-06,6.02256e-06,6.15848e-06,6.29711e-06,6.4384e-06,6.58232e-06,6.72881e-06,6.87777e-06,7.02913e-06,7.18278e-06,7.33859e-06,7.49644e-06,7.65615e-06,7.81757e-06,7.98049e-06,8.1447e-06,8.30997e-06,8.47605e-06,8.64265e-06,8.80947e-06,8.9762e-06,9.14247e-06,9.30792e-06,9.47214e-06,9.6347e-06,9.79514e-06,9.95298e-06,1.01077e-05,1.02588e-05,1.04056e-05,1.05475e-05,1.06839e-05,1.08142e-05,1.09376e-05,1.10533e-05,1.11606e-05,1.12587e-05,1.13467e-05,1.14237e-05,1.14888e-05,1.15411e-05,1.15796e-05,1.16032e-05,1.16109e-05,1.16017e-05,1.15744e-05,1.1528e-05,1.14612e-05,1.13729e-05,1.12621e-05,1.11275e-05,1.09679e-05,1.07823e-05,1.05696e-05,1.03287e-05,1.00586e-05,9.75832e-06,9.42709e-06,9.06416e-06,8.66892e-06,8.24094e-06,7.77996e-06,7.28597e-06,6.75917e-06,6.2001e-06,5.60959e-06,4.98887e-06,4.33957e-06,3.66381e-06,2.9642e-06,2.24391e-06,1.50671e-06,7.57033e-07,0
0,6.64207e-08,1.32848e-07,1.99282e-07,2.65723e-07,3.3217e-07,3.98622e-07,4.65078e-07,5.31539e-07,5.98003e-07,6.64469e-07,7.30938e-07,7.97409e-07,8.63882e-07,9.30358e-07,9.96839e-07,1.06333e-06,1.12982e-06,1.19633e-06,1.26286e-06,1.32941e-06,1.39598e-06,1.4626e-06,1.52926e-06,1.59598e-06,1.66278e-06,1.72966e-06,1.79664e-06,1.86374e-06,1.93098e-06,1.99838e-06,2.06597e-06,2.13378e-06,2.20183e-06,2.27016e-06,2.3388e-06,2.40778e-06,2.47716e-06,2.54697e-06,2.61726e-06,2.68808e-06,2.75948e-06,2.83151e-06,2.90423e-06,2.9777e-06,3.05199e-06,3.12716e-06,3.20327e-06,3.28041e-06,3.35865e-06,3.43805e-06,3.5187e-06,3.60069e-06,3.68408e-06,3.76897e-06,3.85545e-06,3.94359e-06,4.03348e-06,4.12522e-06,4.21889e-06,4.31458e-06,4.41238e-06,4.51237e-06,4.61465e-06,4.71928e-06,4.82636e-06,4.93596e-06,5.04816e-06,5.16303e-06,5.28064e-06,5.40104e-06,5.5243e-06,5.65047e-06,5.77958e-06,5.91168e-06,6.0468e-06,6.18494e-06,6.32613e-06,6.47036e-06,6.61762e-06,6.76789e-06,6.92113e-06,7.07729e-06,7.23632e-06,7.39813e-06,7.56263e-06,7.72971e-06,7.89925e-06,8.07111e-06,8.24511e-06,8.42108e-06,8.59881e-06,8.77809e-06,8.95866e-06,9.14025e-06,9.32258e-06,9.50531e-06,9.68812e-06,9.87062e-06,1.00524e-05,1.02331e-05,1.04122e-05,1.05892e-05,1.07636e-05,1.09349e-05,1.11024e-05,1.12656e-05,1.14238e-05,1.15763e-05,1.17224e-05,1.18613e-05,1.19922e-05,1.21143e-05,1.22267e-05,1.23285e-05,1.24187e-05,1.24964e-05,1.25605e-05,1.26099e-05,1.26435e-05,1.26602e-05,1.26589e-05,1.26382e-05,1.2597e-05,1.25341e-05,1.24481e-05,1.23378e-05,1.22018e-05,1.20389e-05,1.18477e-05,1.16271e-05,1.13757e-05,1.10924e-05,1.0776e-05,1.04255e-05,1.00399e-05,9.61827e-06,9.15999e-06,8.66449e-06,8.13144e-06,7.56071e-06,6.95246e-06,6.30716e-06,5.62559e-06,4.90896e-06,4.15889e-06,3.37747e-06,2.56735e-06,1.73173e-06,8.74439e-07,0
0,7.08465e-08,1.41702e-07,2.12565e-07,2.83436e-07,3.54315e-07,4.252e-07,4.96091e-07,5.66986e-07,6.37885e-07,7.08787e-07,7.7969e-07,8.50596e-07,9.21503e-07,9.92413e-07,1.06333e-06,1.13425e-06,1.20517e-06,1.27611e-06,1.34707e-06,1.41804e-06,1.48905e-06,1.5601e-06,1.63119e-06,1.70234e-06,1.77357e-06,1.84488e-06,1.91631e-06,1.98785e-06,2.05955e-06,2.13141e-06,2.20348e-06,2.27577e-06,2.34832e-06,2.42117e-06,2.49435e-06,2.5679e-06,2.64186e-06,2.71629e-06,2.79123e-06,2.86673e-06,2.94285e-06,3.01966e-06,3.0972e-06,3.17555e-06,3.25478e-06,3.33496e-06,3.41616e-06,3.49845e-06,3.58193e-06,3.66667e-06,3.75276e-06,3.84029e-06,3.92934e-06,4.02e-06,4.11238e-06,4.20657e-06,4.30265e-06,4.40074e-06,4.50092e-06,4.60329e-06,4.70795e-06,4.81499e-06,4.92451e-06,5.0366e-06,5.15135e-06,5.26885e-06,5.38918e-06,5.51242e-06,5.63864e-06,5.76793e-06,5.90033e-06,6.03592e-06,6.17473e-06,6.31681e-06,6.4622e-06,6.61093e-06,6.76299e-06,6.91841e-06,7.07717e-06,7.23924e-06,7.40461e-06,7.57322e-06,7.745e-06,7.91989e-06,8.09778e-06,8.27857e-06,8.46212e-06,8.64829e-06,8.83691e-06,9.02778e-06,9.22069e-06,9.41541e-06,9.61169e-06,9.80923e-06,1.00077e-05,1.02069e-05,1.04063e-05,1.06055e-05,1.08042e-05,1.10019e-05,1.11981e-05,1.13923e-05,1.1584e-05,1.17725e-05,1.19572e-05,1.21376e-05,1.23128e-05,1.24821e-05,1.26449e-05,1.28001e-05,1.29471e-05,1.30849e-05,1.32126e-05,1.33292e-05,1.34336e-05,1.35247e-05,1.36016e-05,1.3663e-05,1.37077e-05,1.37345e-05,1.37421e-05,1.37291e-05,1.36944e-05,1.36363e-05,1.35537e-05,1.34449e-05,1.33086e-05,1.31433e-05,1.29476e-05,1.27199e-05,1.24589e-05,1.21631e-05,1.18312e-05,1.14618e-05,1.10538e-05,1.06059e-05,1.01173e-05,9.58694e-06,9.01422e-06,8.39864e-06,7.73995e-06,7.03817e-06,6.29365e-06,5.50708e-06,4.67955e-06,3.81261e-06,2.90829e-06,1.96918e-06,9.98468e-07,0
0,7.52721e-08,1.50555e-07,2.25848e-07,3.01151e-07,3.76463e-07,4.51782e-07,5.27108e-07,6.02439e-07,6.77774e-07,7.53111e-07,8.28451e-07,9.03792e-07,9.79134e-07,1.05448e-06,1.12982e-06,1.20517e-06,1.28053e-06,1.3559e-06,1.43128e-06,1.50668e-06,1.58211e-06,1.65758e-06,1.7331e-06,1.80868e-06,1.88433e-06,1.96007e-06,2.03592e-06,2.11191e-06,2.18804e-06,2.26436e-06,2.34088e-06,2.41764e-06,2.49467e-06,2.57202e-06,2.64971e-06,2.7278e-06,2.80632e-06,2.88534e-06,2.9649e-06,3.04506e-06,3.12588e-06,3.20743e-06,3.28977e-06,3.37296e-06,3.4571e-06,3.54225e-06,3.62849e-06,3.71591e-06,3.80459e-06,3.89463e-06,3.98612e-06,4.07915e-06,4.17382e-06,4.27023e-06,4.36848e-06,4.46868e-06,4.57093e-06,4.67533e-06,4.78199e-06,4.89102e-06,5.00252e-06,5.1166e-06,5.23336e-06,5.3529e-06,5.47532e-06,5.60072e-06,5.72919e-06,5.86083e-06,5.9957e-06,6.1339e-06,6.2755e-06,6.42055e-06,6.56913e-06,6.72127e-06,6.87702e-06,7.03642e-06,7.19947e-06,7.36619e-06,7.53658e-06,7.71062e-06,7.88828e-06,8.06951e-06,8.25425e-06,8.44243e-06,8.63394e-06,8.82868e-06,9.02651e-06,9.22727e-06,9.4308e-06,9.63689e-06,9.84533e-06,1.00559e-05,1.02682e-05,1.04821e-05,1.06973e-05,1.09132e-05,1.11297e-05,1.13462e-05,1.15623e-05,1.17776e-05,1.19915e-05,1.22035e-05,1.2413e-05,1.26194e-05,1.2822e-05,1.30202e-05,1.32132e-05,1.34001e-05,1.35803e-05,1.37528e-05,1.39167e-05,1.40711e-05,1.42149e-05,1.43471e-05,1.44666e-05,1.45723e-05,1.46629e-05,1.47373e-05,1.47941e-05,1.4832e-05,1.48496e-05,1.48454e-05,1.48181e-05,1.4766e-05,1.46877e-05,1.45815e-05,1.44459e-05,1.42792e-05,1.40798e-05,1.38459e-05,1.35761e-05,1.32685e-05,1.29217e-05,1.2534e-05,1.21039e-05,1.16299e-05,1.11109e-05,1.05454e-05,9.93248e-06,9.27121e-06,8.5609e-06,7.8011e-06,6.99165e-06,6.1327e-06,5.22475e-06,4.26875e-06,3.26607e-06,2.21863e-06,1.1289e-06,0
0,7.96976e-08,1.59408e-07,2.39132e-07,3.18867e-07,3.98613e-07,4.78368e-07,5.5813e-07,6.37898e-07,7.17671e-07,7.97446e-07,8.77223e-07,9.57e-07,1.03678e-06,1.11655e-06,1.19633e-06,1.27611e-06,1.3559e-06,1.43569e-06,1.51549e-06,1.59532e-06,1.67517e-06,1.75506e-06,1.83499e-06,1.91499e-06,1.99505e-06,2.07521e-06,2.15549e-06,2.23589e-06,2.31645e-06,2.3972e-06,2.47816e-06,2.55937e-06,2.64086e-06,2.72268e-06,2.80486e-06,2.88746e-06,2.97052e-06,3.0541e-06,3.13825e-06,3.22303e-06,3.30852e-06,3.39477e-06,3.48186e-06,3.56986e-06,3.65886e-06,3.74894e-06,3.84018e-06,3.93268e-06,4.02653e-06,4.12182e-06,4.21866e-06,4.31715e-06,4.4174e-06,4.51951e-06,4.62359e-06,4.72976e-06,4.83812e-06,4.9488e-06,5.06191e-06,5.17756e-06,5.29587e-06,5.41695e-06,5.54093e-06,5.6679e-06,5.79798e-06,5.93127e-06,6.06788e-06,6.20791e-06,6.35144e-06,6.49858e-06,6.64939e-06,6.80395e-06,6.96233e-06,7.12459e-06,7.29077e-06,7.46092e-06,7.63505e-06,7.81318e-06,7.99532e-06,8.18144e-06,8.37153e-06,8.56555e-06,8.76342e-06,8.96507e-06,9.17041e-06,9.37932e-06,9.59166e-06,9.80729e-06,1.0026e-05,1.02476e-05,1.04719e-05,1.06986e-05,1.09274e-05,1.1158e-05,1.13902e-05,1.16234e-05,1.18574e-05,1.20916e-05,1.23256e-05,1.2559e-05,1.27912e-05,1.30215e-05,1.32495e-05,1.34744e-05,1.36955e-05,1.39122e-05,1.41236e-05,1.43289e-05,1.45273e-05,1.47177e-05,1.48993e-05,1.50711e-05,1.52319e-05,1.53807e-05,1.55162e-05,1.56373e-05,1.57427e-05,1.5831e-05,1.59008e-05,1.59508e-05,1.59793e-05,1.5985e-05,1.59661e-05,1.5921e-05,1.58481e-05,1.57455e-05,1.56115e-05,1.54443e-05,1.52421e-05,1.5003e-05,1.4725e-05,1.44064e-05,1.40452e-05,1.36396e-05,1.31878e-05,1.2688e-05,1.21385e-05,1.15377e-05,1.08841e-05,1.01764e-05,9.41343e-06,8.5942e-06,7.718e-06,6.78439e-06,5.79326e-06,4.74488e-06,3.63993e-06,2.47956e-06,1.26548e-06,0
0,8.41232e-08,1.68262e-07,2.52417e-07,3.36586e-07,4.20767e-07,5.0496e-07,5.8916e-07,6.73368e-07,7.57579e-07,8.41794e-07,9.26009e-07,1.01022e-06,1.09444e-06,1.17865e-06,1.26286e-06,1.34707e-06,1.43128e-06,1.51549e-06,1.59972e-06,1.68396e-06,1.76823e-06,1.85253e-06,1.93687e-06,2.02127e-06,2.10575e-06,2.19031e-06,2.27499e-06,2.3598e-06,2.44477e-06,2.52993e-06,2.61531e-06,2.70095e-06,2.78688e-06,2.87315e-06,2.95979e-06,3.04687e-06,3.13443e-06,3.22254e-06,3.31124e-06,3.40061e-06,3.49071e-06,3.58163e-06,3.67343e-06,3.76619e-06,3.86001e-06,3.95497e-06,4.05116e-06,4.14868e-06,4.24764e-06,4.34813e-06,4.45027e-06,4.55416e-06,4.65993e-06,4.76767e-06,4.87753e-06,4.98961e-06,5.10404e-06,5.22094e-06,5.34044e-06,5.46267e-06,5.58774e-06,5.71579e-06,5.84694e-06,5.9813e-06,6.11901e-06,6.26017e-06,6.4049e-06,6.5533e-06,6.70549e-06,6.86156e-06,7.02159e-06,7.18568e-06,7.35389e-06,7.5263e-06,7.70295e-06,7.8839e-06,8.06918e-06,8.2588e-06,8.45277e-06,8.6511e-06,8.85374e-06,9.06066e-06,9.27181e-06,9.4871e-06,9.70645e-06,9.92973e-06,1.01568e-05,1.03875e-05,1.06217e-05,1.08591e-05,1.10995e-05,1.13426e-05,1.15882e-05,1.18359e-05,1.20854e-05,1.23363e-05,1.25882e-05,1.28406e-05,1.3093e-05,1.3345e-05,1.35959e-05,1.38451e-05,1.40921e-05,1.43361e-05,1.45763e-05,1.48121e-05,1.50426e-05,1.52669e-05,1.54842e-05,1.56933e-05,1.58934e-05,1.60833e-05,1.62619e-05,1.6428e-05,1.65804e-05,1.67178e-05,1.68387e-05,1.69419e-05,1.70257e-05,1.70887e-05,1.71292e-05,1.71456e-05,1.71361e-05,1.7099e-05,1.70323e-05,1.69343e-05,1.68029e-05,1.66361e-05,1.64319e-05,1.61883e-05,1.5903e-05,1.5574e-05,1.51991e-05,1.47761e-05,1.4303e-05,1.37775e-05,1.31976e-05,1.25613e-05,1.18667e-05,1.1112e-05,1.02954e-05,9.41547e-06,8.47088e-06,7.46055e-06,6.38371e-06,5.23988e-06,4.02898e-06,2.75137e-06,1.4079e-06,0
0,8.85491e-08,1.77118e-07,2.65705e-07,3.54309e-07,4.42928e-07,5.31559e-07,6.20201e-07,7.08849e-07,7.97503e-07,8.86158e-07,9.74814e-07,1.06347e-06,1.15212e-06,1.24076e-06,1.32941e-06,1.41804e-06,1.50668e-06,1.59532e-06,1.68396e-06,1.77262e-06,1.8613e-06,1.95e-06,2.03875e-06,2.12755e-06,2.21642e-06,2.30537e-06,2.39444e-06,2.48364e-06,2.57301e-06,2.66256e-06,2.75234e-06,2.84237e-06,2.93271e-06,3.0234e-06,3.11448e-06,3.206e-06,3.29803e-06,3.39062e-06,3.48383e-06,3.57775e-06,3.67243e-06,3.76795e-06,3.86441e-06,3.96188e-06,4.06046e-06,4.16024e-06,4.26132e-06,4.36381e-06,4.46782e-06,4.57344e-06,4.68081e-06,4.79004e-06,4.90126e-06,5.01458e-06,5.13014e-06,5.24806e-06,5.36849e-06,5.49155e-06,5.61738e-06,5.74611e-06,5.87789e-06,6.01284e-06,6.1511e-06,6.29281e-06,6.43809e-06,6.58707e-06,6.73988e-06,6.89664e-06,7.05745e-06,7.22242e-06,7.39167e-06,7.56527e-06,7.74332e-06,7.92589e-06,8.11304e-06,8.30483e-06,8.50129e-06,8.70246e-06,8.90834e-06,9.11893e-06,9.33422e-06,9.55417e-06,9.77871e-06,1.00078e-05,1.02413e-05,1.04791e-05,1.07211e-05,1.09671e-05,1.12169e-05,1.14703e-05,1.17271e-05,1.1987e-05,1.22497e-05,1.25148e-05,1.2782e-05,1.30509e-05,1.33211e-05,1.3592e-05,1.38632e-05,1.41342e-05,1.44043e-05,1.46729e-05,1.49394e-05,1.5203e-05,1.54629e-05,1.57184e-05,1.59686e-05,1.62125e-05,1.64492e-05,1.66778e-05,1.6897e-05,1.71057e-05,1.73029e-05,1.74871e-05,1.76572e-05,1.78116e-05,1.7949e-05,1.80678e-05,1.81665e-05,1.82433e-05,1.82966e-05,1.83246e-05,1.83255e-05,1.82972e-05,1.82377e-05,1.81451e-05,1.80171e-05,1.78517e-05,1.76464e-05,1.7399e-05,1.71072e-05,1.67684e-05,1.63804e-05,1.59406e-05,1.54464e-05,1.48956e-05,1.42854e-05,1.36136e-05,1.28777e-05,1.20754e-05,1.12044e-05,1.02627e-05,9.24824e-06,8.15935e-06,6.99449e-06,5.75242e-06,4.43222e-06,3.03337e-06,1.55581e-06,0
0,9.29756e-08,1.85975e-07,2.78996e-07,3.72037e-07,4.65096e-07,5.58169e-07,6.51254e-07,7.44347e-07,8.37445e-07,9.30544e-07,1.02364e-06,1.11674e-06,1.20983e-06,1.30291e-06,1.39598e-06,1.48905e-06,1.58211e-06,1.67517e-06,1.76823e-06,1.8613e-06,1.95438e-06,2.04748e-06,2.14062e-06,2.23381e-06,2.32706e-06,2.4204e-06,2.51384e-06,2.60742e-06,2.70115e-06,2.79507e-06,2.88922e-06,2.98364e-06,3.07836e-06,3.17343e-06,3.2689e-06,3.36484e-06,3.46129e-06,3.55832e-06,3.65601e-06,3.75441e-06,3.85361e-06,3.9537e-06,4.05476e-06,4.15688e-06,4.26016e-06,4.3647e-06,4.4706e-06,4.57798e-06,4.68696e-06,4.79765e-06,4.91017e-06,5.02466e-06,5.14125e-06,5.26006e-06,5.38124e-06,5.50493e-06,5.63127e-06,5.76041e-06,5.89248e-06,6.02765e-06,6.16605e-06,6.30783e-06,6.45313e-06,6.60211e-06,6.7549e-06,6.91164e-06,7.07247e-06,7.23752e-06,7.4069e-06,7.58075e-06,7.75917e-06,7.94226e-06,8.13013e-06,8.32285e-06,8.52049e-06,8.72312e-06,8.93079e-06,9.14353e-06,9.36136e-06,9.58428e-06,9.81228e-06,1.00453e-05,1.02834e-05,1.05263e-05,1.07741e-05,1.10266e-05,1.12837e-05,1.15451e-05,1.18108e-05,1.20804e-05,1.23538e-05,1.26307e-05,1.29106e-05,1.31934e-05,1.34786e-05,1.37659e-05,1.40546e-05,1.43445e-05,1.46349e-05,1.49252e-05,1.5215e-05,1.55034e-05,1.57898e-05,1.60735e-05,1.63536e-05,1.66293e-05,1.68997e-05,1.71638e-05,1.74206e-05,1.76691e-05,1.79081e-05,1.81364e-05,1.83527e-05,1.85557e-05,1.87441e-05,1.89164e-05,1.90709e-05,1.92062e-05,1.93204e-05,1.9412e-05,1.94789e-05,1.95194e-05,1.95313e-05,1.95127e-05,1.94613e-05,1.93749e-05,1.92512e-05,1.90878e-05,1.88822e-05,1.86319e-05,1.83341e-05,1.79864e-05,1.75858e-05,1.71296e-05,1.66149e-05,1.60389e-05,1.53987e-05,1.46914e-05,1.3914e-05,1.30637e-05,1.21377e-05,1.11333e-05,1.00478e-05,8.8787e-06,7.62381e-06,6.281e-06,4.84847e-06,3.32476e-06,1.7088e-06,0
0,9.74031e-08,1.94834e-07,2.92292e-07,3.89773e-07,4.87274e-07,5.84793e-07,6.82324e-07,7.79864e-07,8.7741e-07,9.74957e-07,1.0725e-06,1.17004e-06,1.26757e-06,1.36509e-06,1.4626e-06,1.5601e-06,1.65758e-06,1.75506e-06,1.85253e-06,1.95e-06,2.04748e-06,2.14497e-06,2.2425e-06,2.34006e-06,2.43769e-06,2.53539e-06,2.63319e-06,2.73112e-06,2.82921e-06,2.92748e-06,3.02597e-06,3.12473e-06,3.2238e-06,3.32323e-06,3.42306e-06,3.52337e-06,3.6242e-06,3.72563e-06,3.82773e-06,3.93057e-06,4.03424e-06,4.13883e-06,4.24442e-06,4.35112e-06,4.45903e-06,4.56825e-06,4.6789e-06,4.7911e-06,4.90497e-06,5.02064e-06,5.13823e-06,5.25789e-06,5.37975e-06,5.50397e-06,5.63068e-06,5.76003e-06,5.89219e-06,6.02731e-06,6.16553e-06,6.30703e-06,6.45196e-06,6.60047e-06,6.75273e-06,6.90888e-06,7.0691e-06,7.23351e-06,7.40228e-06,7.57554e-06,7.75343e-06,7.93609e-06,8.12362e-06,8.31616e-06,8.51379e-06,8.71662e-06,8.92474e-06,9.1382e-06,9.35706e-06,9.58138e-06,9.81117e-06,1.00464e-05,1.02872e-05,1.05334e-05,1.0785e-05,1.10419e-05,1.1304e-05,1.15713e-05,1.18436e-05,1.21206e-05,1.24023e-05,1.26883e-05,1.29785e-05,1.32725e-05,1.357e-05,1.38707e-05,1.41741e-05,1.44799e-05,1.47876e-05,1.50967e-05,1.54065e-05,1.57166e-05,1.60263e-05,1.63349e-05,1.66417e-05,1.69458e-05,1.72465e-05,1.75429e-05,1.7834e-05,1.81188e-05,1.83962e-05,1.86652e-05,1.89245e-05,1.91729e-05,1.9409e-05,1.96315e-05,1.98388e-05,2.00295e-05,2.02019e-05,2.03542e-05,2.04848e-05,2.05917e-05,2.06731e-05,2.07267e-05,2.07505e-05,2.07423e-05,2.06997e-05,2.06203e-05,2.05016e-05,2.03411e-05,2.01359e-05,1.98832e-05,1.95803e-05,1.92241e-05,1.88116e-05,1.83395e-05,1.78048e-05,1.7204e-05,1.65339e-05,1.57911e-05,1.49722e-05,1.40737e-05,1.30922e-05,1.20244e-05,1.08668e-05,9.61625e-06,8.26961e-06,6.82391e-06,5.27641e-06,3.62462e-06,1.8664e-06,0
